400 INDEX OF OORRESPONDIINTS

1111111111, P.. V. 4ο. 1040, 1048, 1040, 1068, 1060,
11161111, 80404 711. 473 1000, 1070, 1080, 1140, 1174,
111, E.. 786, 008, 1637, 16614 III. 1180, 1100, 1478. 1647, 1837,
VI⁰³IV ¹4 8046, 2566, 16764 111. 185.
116, Α, 854? 808 4 111. 352. 1111161111, 111411.
Luu x, 162, 886, 338, 339, 084, 440, 1111316147, 7111, 143.
466, 517, 518, 519, 608, 864, 1007, Mnus, 1., 7111. 21
1148, 1181 11111111, 1116. 11, 8044 111. 432.
1161111111 11. 489. 0110611111, 174241006, 19001071,
1116116111, 1.,1. 316. 88604 71. 393.
Leontius, 11804 7. 33 . 1111111111, 11, 1414, 84004 11 111.
116161861111111111378. 1116111111, 71. 123.
1169611111111,1.,711.171. Mani 1147.
1111111, P.. 711. 84. 1111111, I. 16.
111111111111, Η, 13211046, 1356, Maurique, 4, 1846, 1804, 1877,
11114 v. 138. 1111, 1111, 1111, 1116, 1161
111 71116111, 1., 1. 363. 711. 165.
Liber, 111., 1. 166. 1111111111, 711. 3 8.
1111311. 119. 111111161,Ρ161, II. 591.
1111911311, ’1., 711. 189. 11141111, V. 206.
1111111,104,416,180041.174. 11111611,141,14114111.311
11111110, IV. 163. 0113111161111111111, 1306.
LII* 495, 566, 564, 000, 0070884 v 1 61 711611, 1016, 18644
1111114771. 4 6. 11111111441845.
111311,0.,711.142. 1111111463, 88814 7111. 4411
11661111, Ι. ⁴⁶3· 1111111111, 1114, 1106, 1190, 11004

1111111, 1., 1497 4 IX. 171. II. ²⁴¹·
16131611911161, 8814 111. 418. 1111111, Ρ.. I. ἕξω

1611301116οῡ, 1576, 1704,1700, 01811618, Ι111.,
8017, 8007, 21174 VI. 1. 1111111, 78.
1161361161, 314, 0064 111471. 1111111111, 80404 711. 496.
1161161111, ,711. 366. 1111111111. 191.
116111111116111 of, 1660,1841, 1011, Marullus, 11. 187.
8000, 88174 IV. 8. 11117 61 1111113113, 8100, 8060,
1161111, 8110, 13664 7111. 77. 8600.
1161111107, 700. 1111116, (1., 11. 557.
16111111, 1611161, 740. Musaeus, VI. 165.
11111111 ’101616ςί1111 1817, 1001, 01111111147111. 139.
1688, 1589, 17841. 1111111111, 68, 784 1. 166.
Lovell, IV. 333. 11111111, 10004 71. 190. Ὗ
bubonensis, 88. 1111111111, 14178100, 8084 1. 389.
1116119144 111. 473. 11116111114184 111. 461
11111311, 14134 7. 387. 1111111111.. du', 111. 134.
1111111113, Du 1161, 7111. 459. 1111111111, 13644 71 I. 413.
1119111, 431, 664, 000, 10801068, 111 1111,Ρ., 1. 471.
1880, 1366, 1361, 1595, 10844 111 66111161, 454, 916, 047, 1118,
1. 527. 1400, 1566, 1688, 1044, 1981,
ὲυιῧ11ὦωῦ1ἰ1ἰ1111311140414774119. 12980115, 8ῗ1ἱ40, 2357, 8068, 8080,
Ista › ·504· ἱ ·3¹9·
11611111,933,080,1187·, 14431446, 11116117. 271.
10884 111. 517. Mundum, F. (11, VIII. 398.
1111111113, Aut. 61, 107,147,148, 1. (11, VIII. 1 6.
180, 161, 070, 7084 1. 317. 1111οο113 0611141111, 11111711. 23.
Nic. 61, 1071 111111116111, V. 195.
1173111111,760,807, 840, 807, 808, 1111611111, 8180, 1166, 88844 7. 323.
800, 966, 001, 961, 018, 081, 911, 111111611611, 1180.
004, 066, 000, 1010, 16351000, 1111111, 71. 429.

 

