INDEX OF CORRFSPONDENTS 498

1121222281, 1168, 1164, 1178 ; 11. 8211211, J., V. 416.
361. 8212111211. 38⁶.
11221222, J., 8466 ; IX. 191. 82126212221884
Botenhan‚ 11343 IV. 326. seham, 811, 612, 688 5 l. 465.
Rudolfingiua, ΙΙ. 8. 82121, 1.,1, 118.
11221111. 12. 82122122,1188; 11. 452.
11211211, .1., 1111. 239. 8217122722, 1688, 1768, 1880.
1121121, 11.,11. 378. 1818, 8088, 8177, 8876; 11. 134,
11212112, 11., 177, 1783 1. 392 scriptoria, 11. 214.
112221, 606, 688; 11. 8. Salva, 1681, 1686; 11. 131.
11211211, 188, 886, 487, 674; Ι. 423. 8121127, 1. 489.
11272,11.,1478; V. 507. 8112121, 111. 263.
11226, 926, 8883 11. 422. sichardus, 11. 2 2.
11711621, 111. 282. 8121221, Ε, 1111. 493.
812112922, 1.,11. 559.
82211213, Matthias of, 111. 395. 81 ’2212211 1, 1818,1952,8084, 2522.
82121212, 1511,1666, 1666, 8068, 81112141. V. 379.
fflwwffiffimffl.
Sagundi’nus, 574, 5923 ll· 547· 8121114148. ’
81. 02121, adrian 21, 166. 811112, 112, 118, 116, 235, 244, 432,
8213393222, Δ, 8088, 2124, 81184 3486 624, 666, 668, 776, 886;
.52. 21.
, (1.,1111. 51. 8122822612212,2351;1111482.
Salina, IV. 299. 8122112, 860, 1221,1088; ΙΙΙ. 551.
82111211, 111. 525. 8121111,.1.,886; 1. 34.
8217119111. 48. 82121221,18883 ,279
Sampson, 782, 806; 11. 194. 822311, 458; 1. 421.
82262122, IV. 621. 821122, 17753 11. 447.
822222212,1.,111. 94. 82621121, 1., 1. 428.
Sapidua 323, mssa ³6⁴. 399, {⁰ssssssss 13⁸0& Ι ¹⁵7
22111112. 2112212, ςοιξ 711, 2121221,
ἐ8ζ21221ἡ1,811. 238. 1118, 118811, 1846, 1487, 26123 11.
221 .1. 1.
8221212222 1. 211. 89125322, Ph. of, 1. 558.
2231242, 1. te, 410, 436, 122, 212; 2131212211, 2441221, 1292, 111.
.2 2. .
81121111, 1168; 11. 377. 8911321. 863, 2572, 259ο; 11. 48.
822191221122, 1168, 1478; 11. 413. 8711211221, 11. 244.
8224122122, 8887, 2336,2567; 11429. Stab, 11239.
821211, 1648; 11. 232. 81211122, (1.,8088, 2264, 8070, 8888,
82111112, 977, 8813 111. 622. ·’ 8868, 8868, 2482, 2592 ; 111. 446.
82121411, 1541,1688, 1592, 1647· 812162132111278.
16521664,1658,1671,1676,1681, studiat, 111. 21.
1682,1752,1768,1764,1768, 1772, 8122112221, 1. 222.
1781,1783, 1849,1666,1931,19931 81229112, 111. 426.
1888, 2221, 2214, 8016, 2224, Stella, Ρ, 1111. 269.
8088, 8067, 8078. 2115, 8169, 81222122, t, 8466, 25133 111. 224
2167, 8188, 2243, 8868, 2272, saum, A.,111. 16.
8886, 8886, 2364, 8870, 8408, 81112122, 2269, 8078, 2128, 8161,
2413, 8487, 8488, 2491, 2494, 8888; 11. 615.
8601, 2511, 8618, 2527, 8680, 81611121, 111. 545.
8668, 2558, 8678, 8686, 2593, 8121122127, 111. 357.
8680, 2625; 11. 12. 8112211213 Magistratus, 1488, 1477,
82112221, 1171, 1178,1846,1848, 8888.
18863 11. 327. 81122121, 578, 614, 681, 6621886,
8211112, 1142. 1444,1688,1664; 11. 5 54
8212212137. 495. 8122122,11. 621.

1110,1251;

 

