492 ⁴

8102631111ηο1, 1., 2608, 26211 m

Polarguu, 2169, 2170, 2181 2182,
2184, 2186, 2186, 24711 1111. 181.

8011101111,1687, 1638, 16391640,
1644,17871 11. 207.

8011101111, 111. 498.

Ferratus, 11., 1. 379.

80111, W, 11. 444.

80111111 1,1166, 12471 11. 41.

8101101 0111,11. 381.

8ξέςό 1., 2886, 2461, 2492, 26221

8110111111, V. 246.

Philip of 110110, VIII. 126.

Philippi, J.‚ 11. 428.

8111111111111

Phrygio, 1. 65.

8111711111, G. 2232.
11.,1181,1478,1878, 2066, 2108,
22611 111. 444.

1., 11139.

Pico, J. ., 1111. 20

8131101158 1 11127.

8111ρί00111, ism. 289.

81111, 1. (10, 2628, 26651 111. 510.

811011101ωο1, 0111111111, 11. 239.
011111, 11. 239.

ww 3¹82 3²²2 3²⁶⁸= 3591 30²2 3751
mmmeMm
866, 1086, 1095, 1188, 1182,
1244, 1268, 1265, 1268, 1887,
1841, 1344, 1876, 1888, 1888,
1101, 141⁷,1440,1452, 1466,
1480, 1688, 1648, 1666, 1660,
1668, 1608, 1611, 1717, 1728,
1880, 1888, 1930, 1877, 1881,
1882, 1887, 2028, 2168, 2186,
2214, 2871 1 11. 40.

. 8110, 216, 1297, 1662, 1764; 1. 452.
811109111101, 8.,11. 30.
811101, 11., ¹739·-
811101101, 0., 1881.
8., 1521, 16931744, 1848, 1951,
2122, 2333, 2844, 24601 11. 308.
8101, A, 1684, 20801 11. 200.

1. 61 1.,1. 5 .

81111110, PF 110, 1. 204.

8111011101, 2216; 1111. 279.
81012, 1127; 11. 318.

8011111101, 11. 271.

8010, 1627. 1676, 2626; 11. 191.
80201101, 1., 11. 447.

8., 628, 10161 11. 454.
8091101110 101, 11. 42.
8011101, 111. 71.

80111711, 111. 234.

80110116013110, 11. 01, 111. 187.
81109011101, 1064.

INDEX OF CORRR'SPONDENTS

pratensis, 1., 11 324

8., 21401 1111. 125.

8111111491 111.

8110011, 398.

8110011111, 972, 88811701 111. 597.
Probet, 111. 606.

80001, 1,110.1110; 111. 379.
Ii, 1000 ; 111. 379

801100, 11. 238.

87111011, 11. 253.

0011111011, 1111. 9ο.
0011101101, 2880.
0111111111, 24441 IX. 168.

Rudinus, IV. 409.

Ιὲἓροηῖῗείἒ, 11111011 of, 11. 161.
881 · ·

80111111, 11. 20.

11011101, Tho, 188, 268, 826, 841,
878648, 677, 678,678, 808818,
1010, 1041, 1072, 1100, 1188,
1184, 1808, 18881460, 1668,
1667, 1726, 1788, 1801, 1668,
2022, 2082, 2084, 2086, 2182,
2208, 2416.

Regius, 11.,11. 314.

11., 86, 882, 884. 12531 11. 188.

11011011, 808, 3091 11. 27.

110111,11.,1111. 3 5.

1184211181 1 103.

Remigii, 111. 262.

stephanus, 11., 21711 VIII. 184.

Roscius, 546, 1240, 18621 11. 497.

1101011110, A, 26001 lx. 275.

1100011111, 290, 800, 824, 418, 467,
471, 562, 718. 11661 1. f55.

Rex Polyphemus, 21303 V 11. 99.

11110111. 2068; 111. 508.

Rhodus, 1178.

1111011111, 1. 63.

1111110, 888. 340· 11. 69.

1111111111,Ρ.,11. 111.

11101111, 1., 2131, 21601 1111. 104.
8.,11601 11. 500.

1110110101, 4111 11. 241.

Bina, 1111. 472.

10ιᾷῗῇ 2286, 2866, 2684, 26181

. 382.

Ringelbergius, 111. 508.

1119011101, 2246, 22981 1111. 312.

11111110, 1111. 1 1878.

11063111, 1., 806, 1046, 1486, 1457 ;

6001101011. 0., 11. 367.

Rogatus, 8011111101, 4, 6, 6, 7, 8. 8,
11,18,16,92,142,186, 188, 200,
208, 286 ; Ι. 77.

110901, 111., 1404, 2212, 22331 11. 18.

 

