INDEX OF CORRESPONDENTS

viminu, Ρη 8814441 5031 5²81 779,
wffiffiffimm.
811121121, 1. 372.

8112101211. 345.

Vives, 987, 1104, 1108, 1111, 1222,
1256, 1271, 1281, 1323, 1326,

1mmwffiwQQ
17 32, 17921890, 1836, 1847,1889,
8040, 2261, 2228, 25227 111. 528.
8121122, 1890, 1407, 1549, 1569,
1912, 1948, 1964, 1975, 8088,

2146, 8888, 2335, 8940, 2386,

94541 V· 337·
8212, 368, 372, 858, 1075, 1518,
15251589, 1627; 11. 158.
Vulcanius, Ρ, 84007 111. 198.
Vullinck, VI. 265.

812212, W. (12, 11. 6.

182ὲ2, G„ 1884, 1908, 22277 811.
1 .

8821112111, R.. 8. 123.

18211117, Μ212121121221, 81. 282.

8821121111, 11. 472.

1811111121, VIII. 315.

8822221, 1., 8. 194.

1821122198, 808, 214, 242· 1111.
1111), 801, 885, 286, 899, 890,
4214611558, 896 (111 ¹181,808,
1205‚1228, 1451, 14581485,
1488, 1504, 1888, 1891, 1891,

19⁶5: 1417·

8821222, 452, 518, 5767 1. 533.
882112211ῐ1 Nic. 21, 18047 V. 28.

182111222 1122, V. 567.

1822112 VIII. 424.

8821121, 18. 431.

1821121, Β, 21531 VIII. 141.

81ἱ121128111, 190, 841, 877, 778, 888 7
. 42 .

88211121, G„ 811. 272.

Ν, 48, 50, 74, 77,171; 1. 158.

8821121, 875; 111. 412.

18211212. Τ. (le, 11. 431.

8811111210, 89,191; 1. 225.

88102222121121, 1. 8., 2614 7 lx: 443.

495

811211, H. of, 1978, 1995 7 111. 295.

811212, 84087 8. 256.

81111222221 (11312221), 18777 111.

1811111121 21012122, 8189, 8190, 2234,
84817 VIII. 217.

8811121112, 111. 244.

18129121123224, 322, 905, 382, 985,
1267,15177 1. 463.

18121ρί22, 8111. 315.

88122121, 17 I. 73. ’

881238218111211, 791; 11. 174.
112111, 11. 62.

88123112, Ν, 811. 86.

18122122, Ν, 2439, 84907 111. 152.

8112121, 8. 279.

1821227, 804, 997, 840, 577, 858,
987,1091,1080,1118,1198,1809,
1480, 1097.

8822222121, 8. 397.

18321112221881, 1351 ; 18. 571.

ximenes, 11. 488.
82232, 888; 1. 520.

8212522211, 811. 272.

hwmmmmmm
mmmmmfflm
mmmmmmffi
1121, 1858, 1266, 1959, 2421,
8418, 2622; 11. 9.

Ζ21112702112111, 1880, 8078 7 VII. 73.

8123121, 1262,18807 V. 17.

821121, 880 (8). 19477 111. 495.

82211, 111. 386.

8212112222, 2121, 8111, 2129, 2168,
2212, 8850, 8484, 2568, 8804,

ffifflffifflffiw

Zutpemus, 1005.

811121,1., 8. 584.

81112311,421,404,1914,1915,1987,
19781984, 19367 11. 225.

ammmmmww,
mmm

 

