488 INDEX OF OORRESPONDENTS

7161111, 111. 63. ¹ (1611111141209, 1228, 1267, 1292,
7111111,1.,7ΙΙΙ. 196. 1296,1888,1487, 1607, 1841,
7129ξ11, A.. 2146, 2192, 2278, 2367, 1765,1768,1778, 1857,1890, 1899,

Fundffi 2476, 26961 Vlll· 132. 4918471476 20661212 23⁶9, 2571
ruem, 17617311. 481. godfress' 1νῆςὲ 2411 11. 329
ο 1 , . .
0111117124, 276, 278, 879,
8167, J.. 18917 711. 264 287, 289, 292, 8207 1 532.
(11311111, 43, 44, 46, 48, 87, 68, 121, (11111111111. 369

1227 1, 146. (11111111, D.. 19131970, 22977 711.
(111111111τί11, 13177 11. 22. 26 .

(1111111111, 1669, 17467 71. 266. (1119111112, (1., 21147 IV. 22 5.
(1611111111, 1160, 1197, 1643, 1700, ,1,711175.
⁴ 1747, 1757, 17847 1785, 1796·, (11111111, 71. 81,

1816, 1872, 20187 IV. 359. (11111111, 0.,10227 11 452.
(11111161, 1847, 13557 111. 148. (11111111, ’1,1829, 1886, 2ο68, 2108,
0111,Τ11., 1. 473. 26087 111125.

(1111111111, 11111111, 11. 8. 1111961118, ,452
Ι161111, Vl. 218. (1111111111, 141.
(1111111111, Vll. 564. arey. 68, 88, 84, 88, 89, 445, 6287
(16Ιά1111111, 487, 846, 882, 714, 1174.
727, 769, 811, 812, 887, 1141, (1111111884,Ἡο,888101771173
1488 (7), 22887 11. 379· Griphus. P.. 1. 488.
Gelenius, S.. 71. 336. (1111111, Ι. 273.
Gelenius, 8.,71. 330. (1161111, 8817 111. 297.
(1111111111.7111. 169. (1161111161, 7. 241.
George 61 11111111, 19887 711. 314. (1111191111, 10787 17. 212.
(116191 ef Sexony. 514, 688, 1126, (1111111191, 111. 32·

1288, 1298, 1818, 1826, 1341, Grunnius, 447.

1448, 1496, 1499, 1563, 1526, 61111111(1111111),2446.

1628, ι556,1681,1686,1691,1728, (11631111, 1684, 2189, 2887, 24797

1748, 1776, 18881924, 1929, V. 615.

ὲθέἓ, 194ἒ, 1988, 2124, 2888, (1 11111111, 1867, 2484, 2686, 26787

, . ,2 ,
(1111111, (1711ιῖ87, 18, 1920, 21, 22, (1171111141 8., VIII 115.

22, 14, 15, 26, 21, 211, 21, ee, (1111117116.

80, 36, 87, 40, 787 192. (111111, 2687 Ι. 499.

Ρ1111,8; Ι. 75. fluide.. 11. 8.
Gerb0¹1‚³12.34134113512352, 369. Guidaceriue. 1V· 147·

383, 8887 11. 126. (1111111111, 11.. 988, 10827 111. 585.
(1111111111, l. 233. , J.. 111. 586.

(1161111, 1443ῑ, 1481, 1608, 1569, (1111111111,1212711.151

1589, 16561, 17187 V. 448. (11199116113,Δ.,28197 ΙΧ, 466.

¹5

GifI 521, 687, 849, 1078,11817
, 442. Η1111,10087 IV. 55.

(111111, P.. 184, 284, 286, 294, 812, 811911νί111, N. de. 1. 261
882, 868, 448, 478, 477, 491, 515, 1111611111.841,1116, 12697 111. 62.
618, 526, 818, 887, 681, 684, 887, Hellwil. 11.. 11. 21.

702, 708,712,716, 788,764,788, 1111111111 1³.. 11. 512.

818, 846, 849, 1898, 1726, 1740, 8111111, 11. 537.

2189, 22807 1 413. 811113, T.. 2647 1. 500·
(11111111, V. 420. 811111, 14217 7. 462.
(1111111116, 559, 91711514. 1111111611, 7. 8.
(11111111116,1., 11. 278. 1111191117111112.
(111616112767 V. 47. 8211621161, J.. 0.
Glareanus, 440, 463, 491, 804, 618, 8111111, 114121V⁵. xxiii).

707, 721, 788, 8087 ΙΙ, 279. 1111111, W.. VIII. 83.
(1111111, J.. 19467 VII. 322. 81111, 12167 IV. 532.

 

