484

4111414, 8411414, Ι. 286.

41114Ιὰ11, IV. 449.

9111014449 11224.

4114111141, 24123 11. 280.

9444444111, Η. of, IV. 126.

1144141144,’44(11.,5893 I. 448.
7411.,7Ι.134

7144. ,,770 1849 1,899,1898, 1746,
19993 Ι. 448

1114440, of, 111, 547.

Aaou 1144, ΙΙ.8.

47411818, 25453 IX. 352.

8413114111,2593 1. 549.
84441141441286.

Badius. J.. 183, 163, 346, 434, 471,
784, 818, Ι. 412.
8444114111(113111 44444441, 111. 416.
8411,.Ι,, 1989, 94473 VII. 341.
8411144, Η. Ι·. ιο.

Baldun'g. 4340 11. 224

8451214144, 700, 709, 718, 9703 111.

1141114441, Ι. 293.
8411111144, 11., 613.
Ρ, 443, 565, 909, 621, 889, 898,

789, 794, 808, 847, 1918, 1998,

1988, 1245, 1994, 1809, 1888,
14791808, 1891, 2239, 24043
84111141183 441, 492, 510, 848, 647,
1080,1081,1188,1904, 1884,
1894, 24253 ΙΙ. 388.

Η. 2081, 9179· VII. 545.
8411141141( 8 ,547 548, 849, ΙΙ. 498.
841141144411.. 11873 IV. 445.
844411391311202.

8441470114 04411411, 1898, 1809,
18891888.

8411144144, 16173 ΙΙΙ. 420.

8411444404, IV. 258.

8411, 0., 573, 889.

1., 35, 49, 90, 90, 91, 98, 10], 109,
119,120,198,194,198,199,180,
588ΞΗ188, 189, 189149181, 188,

1 1,

847440, 2609, IX 434.

844114 8114441141,,318 897, 328, 330,
460, 556, 575, 581, 594, 899, 789,
798, 887, 101910891909,

Be¹b9e3l.7111‚13261³ ‚ ΙΙ. 45.

1., V. 567.

840413,1 of 8014441411 ,,491 320, 370,

932, 989, 1321, 1787, 1851, 1980,

ι8911,1911411·7·55
8441411414, 71. 141.

INDEX 07 CORRESPONDENTS

844418711579,1891,1898, 1609,
1810,1890,1642,1879,1885,
1908· 71. 65

11451511, 387 426, 799, 898 ,899,11783

1 2.

8411441917

84111110, 9108, 2144, 99903 7111. 64.

84147113,8783111 410.

8444414141, 2601, 111. 424.

8444101411,189,18031.364

nantinus. 11, V. 423.

841,7.,7111. 142.

1.. ,488, 807, 582, 897, 780, 1908.
1419, 1420, 1741, 1780, 2087,
9119, 9188, 9149, 99983 ΙΙ.
381.

84141144, 925 989, 9941009, 1094,
1089,1188,19943 111543

8414111, 91,88 21483 VIII. 124

8414114447.,1. 09.

Bere, 1914903 11538.

8119411, 114101, 148, 149, 163, 989,
988, 789, 7813 Ι. 334.

“ 1114351444, 9893 111. 197.

Corn. 01, 1889.

Diuum of, I. 318.

84417 01, 498 1843 Ι. 160.
1011441. 7873 ΙΙ.166.

841144, 71. 264.

Beroaldus, Ph.. 4411, Ι. 507.
91,,,44 V. 244.

84144111, 1899, 1692, 9048, 2066,
90773111. 505.

84441144515747718, 788, 748, 788,

8411114144,ῒὲ 1712, 98813 7. 13
8444114011, senate 41, 9814.

8111444144,18873 71. 342.
810114449141888

8141, ΙΙ. 550.

8151114144,1891,1468,1878,17601

342

81441449 7.3.47

1’,133’6 1347

84404, Η,47, 1996, 99883 1. 155

844110, 1. 8., 987, 9481, 1. 519

844110, 1. 41148, 9988.

84 (144111. 516.

804 474 T. 2232, 9988, v111.3 350

8411411, 871, 879, 7903 ΙΙΙ. 199.

80124111, 1111144, 1. 367.

8440441448, 214, 217, 223, 251,
257, 729, 900, 888, 88,5, 908,
1213,1988,1411,1881· 443.

8444411444, VI. 356.

8411151ᾉ1ᾅ2548 9849, 2550, 98843

801141,384141111,98983 111. 336.

841141, 8144141444, 9884.

 

