494

8111111, 1 1⁰3 11. 8.
81111111, 7. 89.

81091011, V. 159.
ἳ.,125168ὲ, 2850, 1373; VIII. 110.
Sutor, 1².. 71. 131.

811111 0011010007, 1708.
8131011011, 17. 273.

8711111, 7., 1000, 1077; 71. 151.

71101111, 1101111111, 711. 346.
7110111, 111. 106.

7111010111, 71. 101.

7111011111, 711. 511.

7110, 11467 IV. 606.

71111, VIII. 11.

7171911, 12213 17. 547.

7001111101. 1., 711. 29.

70111111, 71. 485.

70110111, 111. 410.

71110, 1224.

7101111011, 11143.

7100010101, 71. 474.
’111111ἒὲ1011081111, 10,12, 14, 41,
7100111101, ⁴1. 01 Ηο011, 040; III.

715011110ήοί, 7., 110ος IV. 463.
7101101, (1., 1868
71101301, 0. 01, 1124, 2104. 2808.
1314, 2801. 2428, 2457 3 IV. 306.
7110111111. F.. 1828, 183711, 1145,
14171 711. 69.
7011101111, 1818, 1953, 2085, 2001,
2178, 2877, 1511, 200ος 711. 174.
70101,1402; 17. 333
7013101, Amold 01, 1 . 494.
70111111, VIII. 12.
7010111111, V. 181.
70111111, Ρ, 2042; 71. 51.
7011101,1“.,1810; V. 136.
Τη1117111111,11.,1858,1808,1048,
1801,1897; VI. 33.
71111101110111, 11., 13987 IX. 67.
7101110111, (100. 01, 1. 135.
71001101, J. 1111 11., 7111. 11.
711111110, Α, 2428, 2482; 111. 79.
7101111117.,1870; 71. 75.
7130111ἰ11,0.,1025, 1649; 71. 188.
., .145.
71100101111, 18 5· 711. 218.
1111111, P. and ., 11. 314.
71111011, 571, 571, 583, 007, 042,
048, 663, 075, 882, 880, 1020,
1367, 1800, 1487, 1716, 1116,
22087 1. 438.
71110,1.,1072; 71. 7ο.
1., 850, 048, 1047,1187; 111. 343.

INDEX 01* OORRESPONDENTS

S. 1242. 1²4³, 12⁶⁷, 1272. 1⁵⁴4
88083 IV. 599.

111111, 1111, 1842, 1111, 1411
2448; 111. 181.

ψῃωωωω,

11111011, 2881.

Urbanus, V. 410.

Ursinus 701111, 851,044,1514,1557,
3191720081313, 2458, 2517;

01111101, 108, 41ος 1. 414

1111111111, 598, 025, 1882, 1800,
1450, 1464,1474; 111. 7.

01344110112008, 2180, 2200,2208;

. 41.

7101, 1. 0., VII. 109.

71101111, 11., 7. 474.

711811,Δ.,1807,1839,1907,1080(1)
2010, 2080 (131109, 2120, 1163,
1198, 2252, 2202, 2840, 2881 (1),
2400, 2528; 711. 15.
1.,1001, 2127, 2251; 711 340.

711001 1111111111, 1144

7011111 11001, 1010110, 1800; 7. 88.
108.,1057.

7111101 Wick, III. 31.

7111101, 050, 774, 8221 111. 76,

71ὗ11111,1750,1800·,1800, 10781

. 517.

711111101111. 394

71113111, 7. 346.

71191101, 11., 7Η. 46.

70101111101111101, 08, 04, 20ος

. 119.
venatorius, 7., 1537; 111. 341.
ve& L 61ξ;.,1870,1085,2128,2254;
1 .

1., 11771812, 10841814, 1075,
1004, 2188, 2258, 15631 V. 51·
Vergil, Ρ, 1175, 1366, 1404, 1000,
16ἓ6, 1702, 1784, 1700, 1019; 17.

1 .
7013311101, VI. 168.
70111111,1784, 1004, 2088, 2078.
7111801111, 14271 1v. 590.
711101111,111. 71.
7111111111, 1371.
villena, 711. 91.
711111311,1140; 17. 358.
71310011113111110, 181, 180, 100;
0 0 Ι
71111510 (01101110), 111. 419
7110111811,1.,1088; 711. 316.
711101, 1786, 18381008, 2528 ; 71.

1111911111, 111. ³8⁵·

 

