INDEX 01 OORRESPONDEN'IS

1111111013, 11474 7111. 314.
1111110, 662, 11694 Il. 144
Η11111110, 17. 177.

Redin, 1466, 26164 V. 479.
11011111, V. 250.

489

1111111, 11. (1’,1664 1. 430.
1101110111, 111. 414.
1111601011 VIII. 400.

wmfiffi3

110011111οά1, 16461600, 13534 71. sanandus, 21414 7111. 116.

11.

Ηο30711601101, 11684 17. 411.

Ηο 11, Ι. 105.

He dun ,11. 8.

110101111672. 1011, 2110, 2260,
130913 14 71173.

11111101, 111419.

110117 vm, 104, 204, 106, 272,
339. 667, 864, 664, 1066, 1681,
1666, 14601466, 18781666.

fleury 0111111111, 111. 19.

11010111, 2262.

Ηο111111011, 6., 16164 V. 131.

ΗΜο6616666
6Ιέ 66, 64, 91, 141, 172,178; I.
11.

Hermann, 11.,1111111711111, H.

Hermonymuu‚ G.. L 7.

1101111104011601011, Nic. 01, 1262, 1394 ;

1101111011, 2616, 15144 711. 455.

60110011111101, 481.

Ηθῦ101,ἐ339, 1666 (1), 1468, 1589·4

.19.

Hillen‚ IV. 143.

Hocodius, ’1., 711. 445.

Ηο01111111,1., 10064 1. 556.

Ηο011,7. 176.

Hohenlandenberg, Ηιίῗο 01, V. 132.

601111111177111. 01, .473.

1101101101, 9044 111. 445.

1101116161, 761, 616, 1094, 1466,
118471, 1648, 1666, 18624 111.
1 7.

11003111111111,Α11(11111 01, 266, 381.

limburg, 1779, 1935.

11011111,12064 17. 503.

Ηο11111,6,711. 168. .

Ηο1101, 9014 ΙΙΙ. 399.

Ηο1111101, 11., 2686, 16144 IX. 404.

Η11111111101,71. 11.

1116, 10064 111. 618.

Hu 11931, 12144 17. 531.
Η 1, .1 .

Hummelberg, 1. 515.

Ηο1114111117. 2764 I. 534.

Hune, 1462, 1667, 1718 4 V. 486.

Η111110, 1., 111. 17.

11., VIII. 443.
VffimmmffiQO
1066,1135,1161,16664 11. 155.

Ηο111011 (V), 6604 11. 501.

Hyllweg (1), 1447.

1114111, 1., 15704 111. 381.
1011111011, G.‚ 111. 15.

John. 38.

John, 164, 666.

John Ill 0110110311,1600.

John 01 6110117, 1670.

1οἰ112111,167161,Ι 686, 1066, 1167, 1202,
3 413·

1011111, B.‚ 16664 71. 103.

1116, Η, VIII. 443.

1.,, 71. 381.

11111111, 187⁸ (111. nit).

1111111101 01 1114011, 1727, 1660.

Koch, VIII. 161.

IIempo, V. 282.

1011111011, V. 45 5.

1117111116 de, 176, 515 ; 1. 3881116
·⁴ 1.

111161110111111, IV. 161.

11111101, 355, 6614 ΙΙ. 144

1110111131, Vll. 367.

1101101, 6. 01, 11164 11. 411.

Knopken, 11775 17. 431.

1101111301, 11. 558.

1101011111, lI. 413.

11111111, 11. 431.

Κιᾶι, 11., 1401, 2414, 1430, 24464
. 71.

1111110, 11. 41.

1101104019, 766 ; 11. 151.
Ia? ili, 872, 666, 11264 111. 406.
. . 01.

ωῄῇωωα

Langen. 11.,1. 197.

11111, ’1., I. 548.

11101111, 601111.,1. 367.

J.‚ 8664 1. 513

111117,11.,1602,1622,17614 Ι7.6οο.
464). 1., 16664 VII. 119.

ἐ.. ξῖθ74, 1621, 1616, 1954, 2066.

1111111015, W„ 417, 510, 6404 1. 438.

11101101, B.‚ 7. 1.

1.,1060(1)4 111. 519.

11111111111. 16664 7. 64.

1110101111, 17. 397.

1101111111, J.‚ 1. 431.

1111001, 661, 666, 717, 740, 766,
’11ξῆ 606, 640, 1642, 1458, 1648,

3 ·⁴32·
11111111111670.

 

