486

06116161, VIII. 68.

01161161, 7. 515.

061616616θῗ, 1594,1626, 1656,1706.
17263 ,139

cassander, V„ 2208, 2442.

066914621166619,Ι ΙΡ, 2218, 2388, 2425,

· .21.

0611191166, 71. 4773

0616116111, V. 5ο.

Collatino, III. 414.

11„ VIII. 422.

0616111161,184 3111. 45.

06116161, Ρ, 111. 186.

0661661661, 111. 256.

016166613161, ΙΙ. 265.

0166661161, S„ 680·; 7111111.

01161161 111 61 86163, 1888.

01161161 v, 8081266, 1276, 1386,

01161138ᾏὲ. 3926 2³1⁸. 2553·
611166, . ,243

0111316ἕ61ἵί16369, 1080, 1144, 1886,

8 3 . 1.

0111111111, ΙΙ. 476.

01111161, Δ, 24993 111 274.

01116163, III. 561.

0116161, 2106, 2269, 2808, 28813
2381. ²406, ²41⁵. 2137, 2138,
{fffflgoffi 2666, 2817, 26273

0111111611 11, 17. 568.

01131616161, 11, I. 473.

013611661, 16803 71. 289.

01616, 524, 680, 585, 617, 660, 866,
ἷΐολςξ48, 841, 13733 1. 389 and

0163616611, 00016613 111. 619.

0166661111,1414,1418, 1438, 1588,
18461087.

0161116611. 11. 198.

61116111,11.,1. 364 1111. 491.

016111, IV. 22.

0161, Β. 61, 1867,1400,1080, 1716,
1181 1111111 ¹⁷⁹³* 1131
6011511156.1111111161 1ιῖ
ἷὶ95ι 25961 26221 2623· 2(1341

27.

6161616116, 111. 295.

016161,7711116111 61, 2180, 2100, 22 34,
2461, 2416, 1111. 217.

0116111616 III. 2.

0131166, 1. 427.

0661116661,1868, 1928, 1074, 1088,
2126, 21483 711. 145.

066116, V. 246.

06161, 166,107,108, 100, 116, 111,
181, 106, 226, 227, 236, 281,
287, 258, 260, 270, 278, 314, 423,
593, 788, 826, 8013 1. 242.

INDEX OF OORRRSPONDENTS

Colimus, S„ VII. 165.

0616661, 4, V. 515.

061631161161161, Ι. 167.

06163116 1161161848.

0616166, Ρ, V. 422.

commentust, G„ 24063 111. 273.

comma 61111 0., 22743 7111. 362-

067), 523, 687, 1786; I. 286. ’

0666, G„ 111. 614

cop in, 18083 17. 386.

06 161,111.162.

06111111, 0413 111. 533.

06116161, V. 211.

0611161161, J„ 22043 7111. 256

06166161, Ρ, VIII.

0616661,11,12743 .44.

06166161. D„ V. 137.

061161661161, Τ, 2265.

061161, III. 83.

06116, V. 245.

0661166661116, Ρ616161, 160.

06611, 186318243 VIL 2.

0161161611, 11411178, 1317,1646,
1646,1666,1724, 18563 17. 349

Cratander, V. 366.

0161116, 1166611264

0116161, 1620, 1652, 1768, 1822,
2080, 0174, 2201, 88763 71. 193

016661, 0., 23543 VIII. 494.

016116, 8273 .467.

0161111613, Η. 61, V. 166

0163, 0.,71. 320.

11, 71. 233.

W„ 046, 067, 958, 060; 111. 68.

01661611, 1932; 711. 292.

Curio, V„ V. 578.

Curtius, P„ 15373 V. 256.

11611166, A. 2410, 24723 IX. 88.

1166661161,10273 17. 89.

116661, 20443 711. 474.

1166111661, J„ VIII. 173.

D’Armagnac, G„ 26603 111. 386.

06116161254126818), 1280, 2571 ;

1161111111,1.,1666,2616.

Decius, J. 1„ 1808, 1958, 2081,
21763 V. 34ἰ.

1161616161, 166 ., 1401, 1996, 2237,

062Ξ6Ξ611611141111, 066, 10663 III.
11611,111116,1088

1111111111, 611, 111441.

116 16 1166116, G„ 14823 7. 419.

116111, ,16911661 61, 11. 323.

1161161, 1. 234.

 

