INDEX 01⁴¹ CORRESPONDENTS AND SOME
BIOGRAPHICAL NOTIOES

(1711101181 11111 be 7100111111 at 1111 end 0114141101 00111111.)

’1111114110111 1114111790 1111110110 1011011 11 Erasmus, 111010 11 11121101
typo 1011011 written 10 111111,1111111 few others. ’1111641101 following 11011111

numerals 1111110 pagos.

Abingdon, 17. 219.

mmmm

4000111, 71. 126.

41111111 1118041810, 1324, 1888,
1338, 18687 Ι. 380.

Adrianus, M, 111. 108.

4014181111, 4., 2154, 81667 VIII. 142.

., . 1.

4110111111,5 17747 71. 446.

461111, 648, 686, 768, 788 7 11. 492.

Agathin, J., 2020, 80417 711. 433.

Agge, 4., 5117 Ι. 557 and II. 428.

Agricola, 0., 86887 71. 142.

Agrippa, 0., 8644, 2589, 26267 III.

16ῗῖ 106.

41111111, III. 141.

411111, 433, 485, 6767 II. 269.

4111110111, 1852,18887 VII. 114.

411111, n.. 7. 494.

4111011 01 81116111119, 661, 746,
808, 988, 1008, 1088,1101,1168,
18667 111. 84.

4101111, 1860, 1261, 1876, 1288,
1700, 8061, 2276, 8888, 2394,
84687 IV. 611.

410701111, 11. 315.

4141111190, 1666, 1766, 1787, 18687

,213

Aldus, 807, 808, 818, 8187 I. 437.

4111111101,256,14887 1. 202.

4111111111, J, 166477 36.

Alfeni, IV. 409.

41ῗο01, 10817 17. 235.

4111, 7. 8.

41111, 506.

4111111111, 17. 126.

41101111, 77111. 50.

4111101111, V. 589.

Ammonius, 4, 818, 818, 220, 221,
886, 886, 888, 888, 884, 236,
mmmmmmm
848, 249, 860, 866, 868, 878,
280, 861, 888, 868, 886, 860,
88800401010108

4520

en, 1., I. 489.

mfflffifflme
11498, 606, 517, 688, 661, 6687
L, 1463, 1763, 2016, 8008, 2082,
2197, 2258, 84887 7. 487.

41100111, 0., 1. 442.

4110111011, In, 12077 ΙΙ. 66.

Bo, 408, 868, 1020, 1084, 1201,
1888, 1814, 1888, 1937, 1860,
8086, 8161, 2152, 8166, 8160,
8178, 2180, 8188, 2187, 2194,
8188, 8818, 2219, 8880, 2221,
8888, 2224, 8881, 2235, 8886,
2248, 8860, 2259. 2267, 8871,
8878, 2280, 8861, 2289, 8884,
2312, 2319, 8880, 2323, 8884,
8808, 2372, 8878, 8400, 2420,
8480, 8488, 8408, 8404, 8467,
εΜΜΜΜΜΜΜ
2507, 8608, 2519, 8681, 8688,
ssmmmfflwmffi
2546, 8647, 2551, 8660, 2560,
8601, 2564, 2574, 8676, 2580,
8687, 8688, 8006, 8018, 2630,
86817 ΙΙ. 237.
&mmmmmm
ιΙ6814, 706, 8027 11. 66.
., .2.

431111011ὲ94, 01 11171111, 71. 474.
·‚ ·4 7·

8.,1688.

4141011111, 7., 84, 96, 87, 98, 88,
101108, 127,1847 1. 220.

Andronicus, 8817 111621.

Angelus, J., 14077 7. 375.

4191061111811,132(7),14071329
J. P. (1’,786; 1329

41311, 36 ,6847 11. xIx 116153.

411111, III. 2 37.

41160111, 8877 11. 221.

4111101111, J„ 168, 1787 L 358.

4161110111, 111. 27.

Antoninus, 1., 1008, 1660, 1688,
1810,1886,1810, 81767 71 153.

4710011111. 16807 71. 195.

4101110, F, VIII. 292.

112

 

